239 239 239 239 239 239 239 240 240 239 239 239 239 239 239 239
239 143 128 128 128 128 163 240 240 173 128 128 128 128 136 237
239 128 113 113 113 113 152 240 240 164 113 113 113 113 121 237
239 128 113 113 118 118 153 231 231 163 118 118 113 113 121 237
239 128 113 118 238 239 196 113 113 185 239 239 125 113 121 237
239 128 113 118 239 240 197 113 113 186 240 240 125 113 121 237
239 163 152 153 196 197 181 152 152 177 197 197 155 152 158 238
240 240 240 231 113 113 152 240 240 164 113 113 223 240 240 240
240 240 240 231 113 113 152 240 240 164 113 113 223 240 240 240
240 240 240 231 113 113 128 164 164 133 113 113 223 240 240 240
240 240 240 231 113 113 113 113 113 113 113 113 223 240 240 240
240 240 240 231 113 113 113 113 113 113 113 113 223 240 240 240
240 240 240 231 113 113 113 113 113 113 113 113 223 240 240 240
240 240 240 231 113 113 113 113 113 113 113 113 223 240 240 240
240 240 240 231 121 121 121 121 121 121 121 121 224 240 240 240
240 240 240 239 237 237 237 237 237 237 237 237 239 240 240 240
239 239 239 239 239 239 239 240 240 239 239 239 239 239 239 239
239 220 217 217 217 217 224 240 240 226 217 217 217 217 218 239
239 217 215 215 215 215 222 240 240 225 215 215 215 215 215 239
239 217 215 215 215 216 222 238 238 224 216 216 215 215 215 239
239 217 215 215 239 239 230 215 215 228 239 239 217 215 215 239
239 217 215 216 239 240 231 215 215 229 240 240 217 215 215 239
239 224 222 222 230 231 227 222 222 227 231 231 222 222 223 239
240 240 240 238 215 215 222 240 240 225 215 215 236 240 240 240
240 240 240 238 215 215 222 240 240 225 215 215 236 240 240 240
240 240 240 238 215 215 218 225 225 218 215 215 236 240 240 240
240 240 240 238 215 215 215 215 215 215 215 215 236 240 240 240
240 240 240 238 215 215 215 215 215 215 215 215 236 240 240 240
240 240 240 238 215 215 215 215 215 215 215 215 236 240 240 240
240 240 240 238 215 215 215 215 215 215 215 215 236 240 240 240
240 240 240 238 215 215 215 215 215 215 215 215 236 240 240 240
240 240 240 239 239 239 239 239 239 239 239 239 239 240 240 240
239 238 238 238 238 238 239 240 240 239 238 238 238 238 238 239
238 126 109 109 109 109 150 240 240 161 109 109 109 109 118 237
238 109  91  91  91  91 137 240 240 150  91  91  91  91 101 236
238 109  91  91  97  97 138 229 229 150  97  97  91  91 101 236
238 109  91  97 237 238 188  91  91 176 238 238 105  91 101 236
238 109  91  97 238 240 189  91  91 177 240 240 105  91 101 236
239 150 137 138 188 189 170 137 137 166 189 189 141 137 144 237
240 240 240 229  91  91 137 240 240 150  91  91 220 240 240 240
240 240 240 229  91  91 137 240 240 150  91  91 220 240 240 240
240 240 240 229  91  91 109 150 150 115  91  91 220 240 240 240
240 240 240 229  91  91  91  91  91  91  91  91 220 240 240 240
240 240 240 229  91  91  91  91  91  91  91  91 220 240 240 240
240 240 240 229  91  91  91  91  91  91  91  91 220 240 240 240
240 240 240 229  91  91  91  91  91  91  91  91 220 240 240 240
240 240 240 229 101 101 101 101 101 101 101 101 221 240 240 240
240 240 240 239 236 236 236 236 236 236 236 236 239 240 240 240

240 238 238 238 238 238 238 240 240 240 240 240 240 240 240 240
239 136 122 122 122 122 161 240 240 240 240 240 240 240 240 240
239 128 113 113 113 113 156 240 240 240 240 240 240 240 240 240
239 128 113 113 124 125 158 225 225 225 225 225 225 225 225 240
239 128 113 119 239 240 194 113 113 113 113 113 113 113 122 238
239 128 113 119 239 240 194 113 113 113 113 113 113 113 122 238
239 170 161 161 189 189 178 161 161 131 113 113 113 113 122 238
240 240 240 230 113 113 156 240 240 161 113 113 113 113 122 238
240 240 240 230 113 113 156 240 240 161 113 113 113 113 122 238
239 165 156 156 194 194 179 156 156 129 113 113 113 113 122 238
239 128 113 119 239 240 194 113 113 113 113 113 113 113 122 238
239 128 113 119 238 239 194 113 113 113 113 113 113 113 122 238
239 128 113 113 119 119 156 230 230 230 230 230 230 230 231 240
239 128 113 113 113 113 156 240 240 240 240 240 240 240 240 240
239 142 128 128 128 128 165 240 240 240 240 240 240 240 240 240
240 239 239 239 239 239 239 240 240 240 240 240 240 240 240 240
240 239 239 239 239 239 239 240 240 240 240 240 240 240 240 240
240 219 216 216 216 216 224 240 240 240 240 240 240 240 240 240
240 217 215 215 215 215 223 240 240 240 240 240 240 240 240 240
240 217 215 215 217 217 223 236 236 236 236 236 236 236 237 240
240 217 215 216 239 240 231 215 215 215 215 215 215 215 216 239
240 217 215 216 239 240 231 215 215 215 215 215 215 215 216 239
240 225 224 224 229 230 227 224 224 218 215 215 215 215 216 239
240 240 240 238 215 215 223 240 240 224 215 215 215 215 216 239
240 240 240 238 215 215 223 240 240 224 215 215 215 215 216 239
240 224 223 223 230 231 227 223 223 218 215 215 215 215 216 239
240 217 215 216 239 240 231 215 215 215 215 215 215 215 216 239
240 217 215 216 239 239 230 215 215 215 215 215 215 215 216 239
240 217 215 215 216 216 223 238 238 238 238 238 238 238 238 240
240 217 215 215 215 215 223 240 240 240 240 240 240 240 240 240
240 220 217 217 217 217 224 240 240 240 240 240 240 240 240 240
240 240 240 240 240 240 240 240 240 240 240 240 240 240 240 240
240 237 237 237 237 237 238 240 240 240 240 240 240 240 240 240
239 118 102 102 102 102 148 240 240 240 240 240 240 240 240 240
239 108  91  91  91  91 141 240 240 240 240 240 240 240 240 240
239 108  91  91 104 105 144 222 222 222 222 222 222 222 223 240
239 108  91  98 238 240 186  91  91  91  91  91  91  91 102 237
239 108  91  98 238 240 186  91  91  91  91  91  91  91 102 237
239 158 147 147 180 181 167 147 147 112  91  91  91  91 102 237
240 240 240 229  91  91 141 240 240 147  91  91  91  91 102 237
240 240 240 229  91  91 141 240 240 147  91  91  91  91 102 237
239 153 141 142 185 186 168 141 141 110  91  91  91  91 102 237
239 108  91  98 238 240 186  91  91  91  91  91  91  91 102 237
239 108  91  98 237 238 185  91  91  91  91  91  91  91 102 237
239 108  91  91  98  98 142 229 229 229 229 229 229 229 229 240
239 108  91  91  91  91 141 240 240 240 240 240 240 240 240 240
239 125 108 108 108 108 153 240 240 240 240 240 240 240 240 240
240 239 239 239 239 239 239 240 240 240 240 240 240 240 240 240

240 240 240 240 238 238 238 238 238 238 238 238 240 240 240 240
240 240 240 225 122 122 122 122 122 122 122 122 231 240 240 240
240 240 240 225 113 113 113 113 113 113 113 113 230 240 240 240
240 240 240 225 113 113 113 113 113 113 113 113 230 240 240 240
240 240 240 225 113 113 113 113 113 113 113 113 230 240 240 240
240 240 240 225 113 113 113 113 113 113 113 113 230 240 240 240
240 240 240 225 113 113 131 161 161 129 113 113 230 240 240 240
240 240 240 225 113 113 161 240 240 156 113 113 230 240 240 240
240 240 240 225 113 113 161 240 240 156 113 113 230 240 240 240
238 161 156 158 194 194 178 156 156 179 194 194 156 156 165 239
238 122 113 125 240 240 189 113 113 194 240 239 119 113 128 239
238 122 113 124 239 239 189 113 113 194 239 238 119 113 128 239
238 122 113 113 119 119 161 230 230 156 119 119 113 113 128 239
238 122 113 113 113 113 161 240 240 156 113 113 113 113 128 239
238 136 128 128 128 128 170 240 240 165 128 128 128 128 142 239
240 239 239 239 239 239 239 240 240 239 239 239 239 239 239 240
240 240 240 240 239 239 239 239 239 239 239 239 240 240 240 240
240 240 240 237 216 216 216 216 216 216 216 216 238 240 240 240
240 240 240 236 215 215 215 215 215 215 215 215 238 240 240 240
240 240 240 236 215 215 215 215 215 215 215 215 238 240 240 240
240 240 240 236 215 215 215 215 215 215 215 215 238 240 240 240
240 240 240 236 215 215 215 215 215 215 215 215 238 240 240 240
240 240 240 236 215 215 218 224 224 218 215 215 238 240 240 240
240 240 240 236 215 215 224 240 240 223 215 215 238 240 240 240
240 240 240 236 215 215 224 240 240 223 215 215 238 240 240 240
239 224 223 223 231 231 227 223 223 227 231 230 223 223 224 240
239 216 215 217 240 240 230 215 215 231 240 239 216 215 217 240
239 216 215 217 239 239 229 215 215 230 239 239 216 215 217 240
239 216 215 215 216 216 224 238 238 223 216 216 215 215 217 240
239 216 215 215 215 215 224 240 240 223 215 215 215 215 217 240
239 219 217 217 217 217 225 240 240 224 217 217 217 217 220 240
240 240 240 240 240 240 240 240 240 240 240 240 240 240 240 240
240 240 240 240 237 237 237 237 237 237 237 237 240 240 240 240
240 240 240 223 102 102 102 102 102 102 102 102 229 240 240 240
240 240 240 222  91  91  91  91  91  91  91  91 229 240 240 240
240 240 240 222  91  91  91  91  91  91  91  91 229 240 240 240
240 240 240 222  91  91  91  91  91  91  91  91 229 240 240 240
240 240 240 222  91  91  91  91  91  91  91  91 229 240 240 240
240 240 240 222  91  91 112 147 147 110  91  91 229 240 240 240
240 240 240 222  91  91 147 240 240 141  91  91 229 240 240 240
240 240 240 222  91  91 147 240 240 141  91  91 229 240 240 240
238 148 141 144 186 186 167 141 141 168 186 185 142 141 153 239
237 102  91 105 240 240 181  91  91 186 240 238  98  91 108 239
237 102  91 104 238 238 180  91  91 185 238 237  98  91 108 239
237 102  91  91  98  98 147 229 229 142  98  98  91  91 108 239
237 102  91  91  91  91 147 240 240 141  91  91  91  91 108 239
237 118 108 108 108 108 158 240 240 153 108 108 108 108 125 239
240 239 239 239 239 239 239 240 240 239 239 239 239 239 239 240

240 240 240 240 240 240 240 240 240 239 239 239 239 239 239 240
240 240 240 240 240 240 240 240 240 165 128 128 128 128 142 239
240 240 240 240 240 240 240 240 240 156 113 113 113 113 128 239
240 231 230 230 230 230 230 230 230 156 119 119 113 113 128 239
238 122 113 113 113 113 113 113 113 194 239 238 119 113 128 239
238 122 113 113 113 113 113 113 113 194 240 239 119 113 128 239
238 122 113 113 113 113 129 156 156 179 194 194 156 156 165 239
238 122 113 113 113 113 161 240 240 156 113 113 230 240 240 240
238 122 113 113 113 113 161 240 240 156 113 113 230 240 240 240
238 122 113 113 113 113 131 161 161 178 189 189 161 161 170 239
238 122 113 113 113 113 113 113 113 194 240 239 119 113 128 239
238 122 113 113 113 113 113 113 113 194 240 239 119 113 128 239
240 225 225 225 225 225 225 225 225 158 125 124 113 113 128 239
240 240 240 240 240 240 240 240 240 156 113 113 113 113 128 239
240 240 240 240 240 240 240 240 240 161 122 122 122 122 136 239
240 240 240 240 240 240 240 240 240 238 238 238 238 238 238 240
240 240 240 240 240 240 240 240 240 240 240 240 240 240 240 240
240 240 240 240 240 240 240 240 240 224 217 217 217 217 220 240
240 240 240 240 240 240 240 240 240 223 215 215 215 215 217 240
240 238 238 238 238 238 238 238 238 223 216 216 215 215 217 240
239 216 215 215 215 215 215 215 215 230 239 239 216 215 217 240
239 216 215 215 215 215 215 215 215 231 240 239 216 215 217 240
239 216 215 215 215 215 218 223 223 227 231 230 223 223 224 240
239 216 215 215 215 215 224 240 240 223 215 215 238 240 240 240
239 216 215 215 215 215 224 240 240 223 215 215 238 240 240 240
239 216 215 215 215 215 218 224 224 227 230 229 224 224 225 240
239 216 215 215 215 215 215 215 215 231 240 239 216 215 217 240
239 216 215 215 215 215 215 215 215 231 240 239 216 215 217 240
240 237 236 236 236 236 236 236 236 223 217 217 215 215 217 240
240 240 240 240 240 240 240 240 240 223 215 215 215 215 217 240
240 240 240 240 240 240 240 240 240 224 216 216 216 216 219 240
240 240 240 240 240 240 240 240 240 239 239 239 239 239 239 240
240 240 240 240 240 240 240 240 240 239 239 239 239 239 239 240
240 240 240 240 240 240 240 240 240 153 108 108 108 108 125 239
240 240 240 240 240 240 240 240 240 141  91  91  91  91 108 239
240 229 229 229 229 229 229 229 229 142  98  98  91  91 108 239
237 102  91  91  91  91  91  91  91 185 238 237  98  91 108 239
237 102  91  91  91  91  91  91  91 186 240 238  98  91 108 239
237 102  91  91  91  91 110 141 141 168 186 185 142 141 153 239
237 102  91  91  91  91 147 240 240 141  91  91 229 240 240 240
237 102  91  91  91  91 147 240 240 141  91  91 229 240 240 240
237 102  91  91  91  91 112 147 147 167 181 180 147 147 158 239
237 102  91  91  91  91  91  91  91 186 240 238  98  91 108 239
237 102  91  91  91  91  91  91  91 186 240 238  98  91 108 239
240 223 222 222 222 222 222 222 222 144 105 104  91  91 108 239
240 240 240 240 240 240 240 240 240 141  91  91  91  91 108 239
240 240 240 240 240 240 240 240 240 148 102 102 102 102 118 239
240 240 240 240 240 240 240 240 240 238 237 237 237 237 237 240
